337935597
768241953
159889485
926361272
856519536
572851008
857874323
181723327
174217585
19896598
698950169
711822507
765690945
762867173
292296988
493350563
680744060
179156900
388516761
193642071
62444777
58194572
506343395
626165191
422533777
615932220
562200797
959691326
489394404
224641954
584859883
836971354
177150215
603920513
960925046
170520020
771696711
120785964
964188048
545300086
596871324
647815973
360876290
733156024
611248228
400821560
457465705
287377299
623480188
556518106
310209625
732714556
522482816
576304494
306853796
892368753
691889246
928531267
724232841
424074108
975053337
714007798
170918150
250936639
679915204
558737884
751583178
379142302
137109432
225673608
490256850
649871586
193481074
701613266
513218724
470468664
701008293
446880165
27008022
190809427
1723558
370854316
617137299
770181181
978399285
350452079
713550140
741436598
365770626
96101936
534500787
151477741
295088668
579348042
678156867
630800529
662691260
758727833
923972557
830850164
464501778
257757662
170254844
242031467
143334136
499930161
866163551
146567138
94877520
347339400
175468143
952874324
508119816
427096798
284924321
205143614
283259340
456137194
886688127
948450476
300565981
430486815
480561683
956587442
563207360
27626051
942977587
768852987
352232103
871563809
206982320
946491684
595245721
796173329
350109138
448876779
137416510
972409237
583298820
478272534
704682312
782794812
482588240
68941432
100194637
59481758
878882012
687541636
949213801
12697203
375130056
966874360
920346713
737254228
652567892
633486851
893586514
697700542
804245625
685451803
656939489
224182739
588937032
500081888
28595666
214295101
244661030
638716851
994503344
679463670
401759739
939565782
966899151
368617179
955806843
138471684
896091229
569587892
47884712
486131808
645199186
660087412
995355000
565597136
13782493
35188178
980087363
134123665
221720262
352666023
47040246
460676230
705033332
909000823
236537088
500201595
612928036
541904519
574159918
676621364
4312377
193331183
534856755
613822618
577693727
82730643
53771797
491895801
705649747
625838481
136406706
298827986
107467617
161026897
827263878
392001256
418510832
427548166
644442543
117223166
627227725
635032977
278144099
394894042
351547161
153957889
762431071
830288840
609151192
81980703
596225237
242972292
545696320
986375364
723115762
916021929
382749408
77985560
865998280
724592875
608557442
314455261
819594345
445130292
537919001
877851816
605624420
288958551
96437539
454305083
458477960
278924705
384153628
558999064
178291654
358155015
908734897
777638493
292818690
725868884
500136138
723088140
943332473
611904503
403471328
776471785
111312627
852488848
356132703
62567679
961354042
555687128
235441097
872369247
463076088
741643843
676393289
72907284
932745728
114453403
990940984
359505781
32734704
311061350
461593923
361466235
70521984
231191808
587713560
191522400
365198657
130167098
514906229
221483485
910571306
974057903
432649602
197125330
862623006
25122980
268048998
947033479
954860176
421939730
294826925
243435858
673788062
343937860
621464068
86764567
556394977
126609146
361967710
132765016
565101450
25452687
531039897
224758156
658514703
475776683
91330656
985432018
339127261
3325717
871511281
766051042
733008891
2543956
296053076
453149708
207370766
128925723
577485134
851108185
577872912
290325772
602348817
94982552
675140114
436468413
834030188
187849513
912480986
354073345
847612210
67551678
407028138
158690001
817859003
248299168
398945021
676511460
337518291
617343526
113587663
697393314
356647023
688996620
214490630
177683787
67119933
42774112
655709333
324336151
344646158
766926874
835686796
169406461
520518013
989018957
743023131
96120287
744979930
140287986
232274370
677141759
153868848
322956578
382605290
69171331
297663477
147313213
999048440
548523776
641674160
383538312
543794905
907482995
433685630
646589523
672522611
57012014
838202343
420369428
67504427
247153571
353151188
110305413
684902923
655399752
376958902
336552784
405652327
307276170
771284970
408022399
149840896
765622484
670158209
218083330
599379155
79465182
392567372
769652595
742536885
12123779
481329586
865112189
692094005
974451752
738280021
337138842
885805417
146539797
3927070
46220006
795621463
104039968
889432302
614433597
265882410
671417294
841571652
111810715
613749870
163536057
868533897
741275385
734478170
757922714
784612283
854451269
223881501
262829419
281321307
666907074
358683921
849454419
912390069
918912616
983065069
91378049
658173544
274681935
385488382
364219928
757800692
237649144
70864867
53317572
291538113
865772137
887879731
548947375
770714942
178303177
337147517
557060832
309832942
991977575
605777092
856030072
554817885
318680206
228990154
341310843
685172677
522881799
434950247
655640235
379194492
727180337
482893710
419921038
885883678
631303990
360065804
4008798
152106406
611901771
989666701
604365651
352390442
749239308
299167184
779436278
673002627
75913767
380090032
561625539
3772258
555195193
496677081
590362177
615459725
472286983
658110330
654528123
891421918
566685246
166212021
245860715
59206800
265138911
848617666
88812713
655473438
405385842
734613958
257169701
917212839
195228198
742615849
873114906
415118750
82338051
640424042
385532789
850795880
460046949
713052216
760985569
631679495
688543187
153055075
94457155
345551671
873502559
961974319
909177540
700551189
941327495
562714386
749149440
765229428
366456732
81886259
965312818
493943092
393616041
727854411
522186319
274719402
967003445
746382036
50781218
697662386
167302330
505304405
70795227
902637599
701981927
665499216
1449225
86113093
231182121
856709810
759363361
850970011
419593066
344799621
646547987
713588183
380898095
324243160
485369424
419427411
673281189
463527927
716464125
834592249
779838115
146333254
142725545
533653344
286685756
499488040
46402318
487378376
47097011
367281864
919438535
928913598
599165295
303698367
722726692
422079750
477645814
611411376
114254739
470962892
680240395
826361974
787637191
512339250
719448235
928743583
891345927
831000255
74330108
36809636
684694532
740512734
723795289
201850503
724970344
727365090
108606811
310235093
286814336
406668108
770917940
19783841
655324484
422718767
13993246
916102807
790769326
59917265
167040783
519582420
257566999
298107412
165813734
765355403
412970078
228320775
662360097
93868766
747972487
495653566
130959859
62830618
483412180
404902788
411632363
242025373
255931972
318478958
591410169
682641815
406540929
821681593
705743279
606932702
385834673
744035619
193396166
398325602
208059422
616318225
863578421
793373182
496073971
339170803
932646607
691403248
777403371
311198537
735151332
384849521
945854373
164580707
381971887
651990059
974453862
845881940
106314083
733610130
445459730
734314531
329890201
801724303
826084906
337820293
240674101
979183196
513639440
635742914
25555563
240374589
101811267
758313124
527168900
167855680
254285586
607843903
484391376
239988948
323380658
919054691
600864172
207126933
403629147
764606692
704024974
587368888
753469610
648478857
299939226
750248203
347534975
99604537
716029069
653276689
408274008
142140555
45683085
704397863
515487867
574918213
628820296
235664181
987481597
642907317
34808136
529897618
296938106
889298495
579295453
967243596
606805707
712216175
317447502
304586274
163349673
501652403
184182235
934871484
756871783
958400702
24645217
392785912
487400338
764551811
740769847
705259872
518475100
223775027
949889647
399971692
569672218
10618072
254735201
907202343
485228781
990108914
848383303
425867667
314103375
644316066
724432653
722241994
377988648
34076631
620314768
203744142
560199620
963413026
4030732
681401174
96214811
209265902
193877636
517992882
302133097
755557352
367989675
684781775
590860245
121077613
528908093
579531841
8327416
879672682
208627940
262349468
761135465
130927095
116821635
392315869
597505633
868418117
723101478
250761325
330496821
241960205
452482200
248364550
163755768
424575368
576698311
304328138
543969872
399171464
795619495
886329180
825050489
213311780
480926325
845877400
519214287
410459798
321626582
842132180
496117426
367049584
715949386
482749452
856852478
199013698
604536973
539231988
981693431
242907450
229807270
293816657
130101272
676292644
448150925
132155866
106166291
620990398
379755781
682306698
613671668
205863265
38713296
347647767
510946931
383297845
434140404
509186129
961337226
815458074
515116752
476310186
621362446
519274451
253045206
738772506
543350509
895386774
610664513
804636877
89570879
679075433
238475227
286174827
486751390
841843492
838555713
197938165
568300160
606708747
334848775
438969816
447415477
463452765
206398771
31114116
764141502
751335503
117120845
913311778
356771864
550666638
581319174
288559538
312108537
147178509
921123843
827236522
287921210
693182267
272977591
591664014
502129151
521053972
760350256
451361485
678914424
855170915
834394466
309624744
28735240
741770116
96414391
69459648
579882248
324733559
990533244
739684562
334999443
960263274
56523382
819368614
737058533
215070322
269864682
781635482
983918423
798135046
237774261
147516461
537001667
492415078
929955340
466762457
832626824
584723502
456976837
830771829
738134626
532146493
950231907
245597249
939602950
319985681
444508675
618907567
713431671
356760510
520574717
938706591
139514360
93392512
499333291
55183409
858871271
213854531
115673107
991086536
632942652
130187641
580189391
186519467
23153469
884777109
155213858
758938031
482106426
396991514
55063337
854107283
348431290
577954056
736029865
827797885
704477086
772982314
155350815
386993794
515812848
900003421
959929061
805598985
117206602
801578208
360106427
607817071
358639982
88268965
57901292
111603997
171487846
1830315
972947918
405833730
233828971
764860447
209577972
386850900
275853626
416815767
556062885
863499418
670120732
190001657
931564612
115305126
64386260
651301311
388717092
21128381
435393168
293154546
985971373
560257819
274807769
945447629
132233677
566490120
261508463
614598369
167867062
172511307
262805828
920922521
716157783
177680381
563575710
801976935
70201044
929961736
247900980
447046457
585233731
904361783
16083887
550594847
276541297
866699040
413106751
563373757
927041730
325183176
554481504
589864912
991213551
35041410
443939272
853945076
605424640
526894847
11240290
163491903
311770963
795851916
199698604
406461241
549542126
287366438
383161660
314797251
69824709
734330472
899710678
2759236
872072080
386221983
297075296
832687064
782602176
476760117
510643838
583739783
558430025
950722322
164432517
501508401
509978359
241269642
22406159
744243656
856151649
638345865
276585003
92794236
857936268
119706110
490313845
286563130
63819360
631446469
614832868
71822352
904726779
341875113
63067703
49647417
604257993
627053466
229296690
189384374
888651733
188792546
209846658
540108873
693487659
413080650
315395425
631086111
130717074
260765719
61884443
204052867
942643163
384727589
712046071
628923256
145375141
405582203
888504454
873758965
113872474
898507526
898879485
568967391
713315970
753464349
80149924
728619589
360467161
234549435
351024430
590617631
528453233
209471696
303802556
659503606
369950234
451824219
130311450
328229151
955586752
912970023
810338362
370772856
587166511
723445516
671708135
560445612
449005246
342809875
390791461
944324637
826172855
695201355
41929678
810750474
986853396
412985568
936428898
491108801
37904794
361311011
15792396
206140885
111180550
75156428
615617228
891931753
861525729
588641582
51228319
309679461
399172074
96196643
708498458
398949859
996580277
224448432
532010800
306076518
15200018
770186558
805303266
819294407
714406050
331554330
608956250
102526772
318417427
426273124
355260767
251164696
332794745
302509896
526577296
801499468
956327867
720911692
863608718
304994506
907139490
290036480
138873869
187090565
254147544
743923958
960421936
880173805
166984899
467361084
108382377
734301433
104226531
669977469
999581039
141978276
158513911
66423862
121400483
309550596
414828849
389756589
10394048
749307392
938991601
127829171
401196816
440425679
19234341
370103362
266041577
518288467
631465245
285305049
954627255
282396995
643000249
274928122
75024570
826818681
141580064
377005605
114680687
193553378
629665273
977347068
7474207
24094008
808193566
969749444
60822871
213710459
133478725
605509952
184351076
541405931
672252154
248072294
255463647
870079782
346845504
811893507
42572916
397013304
737701672
386575881
996733622
616093734
446978367
787949107
757617908
91993439
802093732
107262172
41701099
656388600
809126321
20301179
345475115
816097589
378003701
33810612
969706603
845975807
195711043
219959017
495673530
288466954
198693139
237563409
940606972
665954798
682742087
679943609
82649771
938481933
126347939
575515569
218566662
366400683
829267728
837249934
650618643
22952825
874347943
630357554
905788762
997305504
96567418
881750979
779790153
530376397
954625687
367631777
925131381
631938740
145575782
409192002
737724071
302130397
477962840
14185756
750477561
699031693
225893052
731248433
740883039
188847607
980576007
120192871
549095158
301818232
312649678
255766931
666453406
917964487
964458542
283788156
48911274
351643327
597359848
193941495
205099316
420544166
180226328
209860692
838743470
113074988
311495320
847342682
339352917
104863984
213602367
865019394
264634477
850863560
325153292
590473730
171715529
508133143
219568101
911151213
621856144
536343438
127836670
974982973
416705425
109010378
623055812
438634262
5910344
909707480
192074233
979379132
531962146
40128994
788848279
828053829
219793691
605930641
173913230
845132975
682498300
580027855
683472945
470795529
702900115
378391888
289177538
707688660
934110412
24463986
244721065
119783485
101673692
524425717
254263751
656670765
569624599
184347913
824981669
436597427
62332581
869049291
402929296
784999223
831300985
466077177
351669942
201377557
741404267
145693660
492762875
717275108
692409764
432607613
7538682
783155813
221702970
376289691
66533469
631203289
58737770
71420142
255912786
287331406
333621344
559690723
333196214
241352222
282731950
293876934
754686479
91694745
355369717
148372238
257974827
296644453
418045502
425961367
995806709
295043699
127034929
111779088
427922030
566455568
690284056
887724756
324722164
587937323
823063662
879368113
236744581
807453286
432503845
629974389
957800234
571129608
240552324
353948875
707322828
112856307
553768227
585209797
235231245
51993846
868798532
593044971
463714495
962694387
353121139
554522936
523609104
806094674
617059651
264312072
425930194
293424434
959753919
279335602
663731937
887187006
315388392
961442640
815580059
456806225
880881666
353615279
320348178
622048197
532050295
2020661
220052436
567356175
702151288
323839429
800127740
980732371
705507161
416608962
599451047
866448199
706718537
822311345
380163883
878892864
976357803
255929249
217574853
378676566
941321031
816105669
870796079
392472743
447695832
535625646
910160977
893409308
693183831
597285870
697992861
86170206
149762739
479700440
563227828
477547226
966233591
996629433
790073278
298817184
876848857
859736595
243626398
115413822
134150252
656456917
386401764
456439907
390371772
783442536
629427848
928112628
431745320
677198033
159015329
931786698
441246807
128209254
951293996
880817183
345559179
14133829
400050643
247640415
881407342
389289191
42833400
446711477
913378089
57506103
209641034
154226782
17411862
633741201
942305262
138068353
455299620
572173881
158400251
489116682
307501015
607377597
327126619
209093985
559855670
914391285
61746592
629863618
451196527
105133347
915217996
364749594
19090304
821583504
394024406
748253909
844065319
131947940
778682745
599229603
647824003
526115962
820343084
558960675
234321486
362819319
976897801
536696745
361072902
992204493
329348054
500669061
344398006
365803684
222607669
895702756
703707337
153284851
72691316
451918178
875047937
732993404
322879161
779777026
417802105
809541453
783226444
279024654
246446795
450472444
106022190
961745993
605797509
134906167
441311185
463052771
244640782
114322181
693270220
984782056
743098510
510369490
841209320
695228474
661391055
465946232
185462345
605973205
570646210
664968142
590741389
828106518
852891792
45773070
800468396
355845180
854769099
783065244
986824728
379791144
774543770
162064874
521904360
104610759
614836877
90999705
649280911
572830725
84532092
150096242
125805937
543448313
670570075
372928452
816948221
448203219
940791352
273641119
117987687
595295604
996068774
336766353
432658137
23927355
966735202
74366896
953734854
426891350
885631300
565105117
933775216
811689216
580677171
609297333
287669305
404887642
5226856
273630803
848799497
206232155
66755389
360124198
505637520
558801818
837021287
815757140
599758672
781724252
419217001
153153180
58279312
555095419
32992700
362047524
982892229
21421295
176939592
913587426
291278553
721536966
801324810
34638046
630774493
799894152
118102845
514748996
518581695
3313434
686833788
384567899
228461902
393132744
40565379
423315600
946037638
526275939
163428000
385127394
440964107
411137109
358730872
138157697
881170747
607208087
817421879
348393551
123346675
102530514
307930398
203814569
204357545
405497829
690468386
885592216
274077094
71007418
598185905
596256589
883942947
112131645
320275558
589629015
660913387
721833739
645744508
250841818
427024691
462797806
495685502
302996770
374584189
383004691
556402725
228615258
251391834
17229033
639258961
392388195
597252399
843804292
489822131
202574718
972921018
990958630
307696865
195829063
576077272
428336839
584213911
764399055
182945044
837607599
572576890
983216949
172381642
803170862
964588893
608354109
370334540
421259823
902683443
434939129
394269233
901040086
989338454
219872512
925470074
689181198
447034035
659776285
7933143
527936050
73115736
718984812
898965146
211634581
592849236
309924017
956796837
639466191
38162390
714451130
507413763
497240979
584202958
136673564
554228899
825877287
922466089
897193692
872667129
800293827
967626604
765487598
827838415
823053794
150818789
512950513
505245721
490055107
555052588
585426484
685780048
390158622
100185099
367441371
77465090
74857038
168187099
377217941
200475882
716464171
879943482
401265050
61878257
623498739
297293314
711901830
731643796
759042737
243086140
611038496
46892220
357455612
781985148
892675524
934803652
855350849
652395982
53120228
640900565
225521058
973582168
689168756
238269448
619646315
14414599
872996417
512544249
989616377
376297711
714455730
37407997
328000228
30411285
298708173
891413548
462413782
205906242
547528960
41380372
420791403
198059550
272577434
840102337
315020630
592864931
666342110
765319442
765616743
376414654
211773550
924886752
700510913
493556566
922015033
530014969
359466104
965698899
854442738
122872567
913374797
742723324
623006546
347297849
169949616
562831059
44519648
782835260
835450728
240953653
511238862
963303471
937768528
950729923
347687104
424105338
6928967
612486899
761404803
300001521
237582513
556648188
407306426
605343530
492320209
69402822
74601397
571893834
916592504
533027250
523393638
231111812
648181741
4926300
956753190
999900591
805042872
307350749
252697614
866748529
926223109
305436323
712531026
518508464
608467372
218092050
807523812
765488455
665562879
120448857
489749852
559040834
517993529
540988799
756650915
388408290
446813570
671256089
239237603
261699137
196458025
588705129
223476193
784138405
940994608
522715937
835361221
959479179
739879350
103089456
623231333
742341058
631131994
798438136
160872189
581065947
540637863
872563491
685255157
807915497
295365843
308482397
977661089
95460845
391750601
217983220
171850930
452098796
59779622
459638688
466886236
79439472
986068588
47143512
575903319
987340990
453291095
635953327
657829614
688725741
152746882
8407216
294566662
537726925
361808332
989626356
591844847
445109996
632127767
844945047
418277022
36572448
53350981
829975716
129985579
538469693
552814802
788611367
70706603
34804196
469635106
503310299
380683709
124218418
628277579
442423674
220367453
321402745
302288420
205860642
434229292
129993233
86733071
404987162
948818733
418666461
78309789
962746201
878233694
377300249
62590860
32983949
850823788
169234772
730714664
86089955
536441496
186446328
177729741
61556374
838389485
273376200
19008783
653642337
844106854
561252428
246538445
115591567
200454725
188122443
918911029
645783192
644261758
931154176
969944517
308304660
275562897
303055666
449280801
902214173
202746563
449441027
547327538
835313937
158559065
473928377
198316903
829873217
233683245
286433977
821348222
474847401
640805660
108243599
669085248
557000818
943998925
443783763
882069499
920618112
874117453
562372814
634216520
601082503
326639003
708161691
530755252
960505936
1980380
518104817
162737688
990858342
801897451
848826447
777091287
312455081
957716372
99248649
558496125
393721049
995598558
914317631
919900051
785691626
540520976
135409086
242446342
372052217
545916320
62124955
213291554
604223995
35518635
538720157
253343393
421700398
83144111
984108563
885001480
763958341
132454600
662247455
50811626
12331221
857491662
75420924
748741010
19978484
72733764
387548375
706920739
365534629
691398951
811167525
942671747
737830677
22323622
634269420
436544142
969568492
284981846
524529081
582324044
420042014
174081801
920997671
496545896
190598103
31286169
873563716
253550325
964581754
213919034
699276619
459119981
151116367
918331681
276536572
255131944
80062382
304850960
107658416
513457057
203311789
574944295
462442886
45181279
56635129
590738915
535120720
60689659
252852949
577540615
419962830
752038863
370656260
797006634
320726385
123099770
488494850
668172235
358678790
604192975
320343596
152187125
845602495
166117372
412376790
480956109
716560885
528856138
897382807
452364371
15662412
119752513
576238382
660747442
818331699
33455913
633206167
192474738
932147935
212551891
575015489
791660710
401524075
921906653
185078482
773247202
873733949
590216782
265260901
127277794
609789957
583256020
423392841
114542446
245915509
97192747
648446892
39391612
482022512
223872496
388487256
480404406
109444521
102951621
204283697
673194723
346999866
671586201
351417772
603351094
956189694
443954641
24970591
274054707
599873771
545227828
31267352
47505279
615005118
40335797
730016127
16937156
25480385
597637547
102700740
84492332
996395878
435957501
442474450
809364797
706299731
402232845
554407988
424323093
629544456
591008742
438480853
772963365
337044218
493494136
823982799
752145991
42177286
2443464
950766651
243393019
568730283
130322556
741444118
837278473
143377932
274214478
590887004
920205037
223916523
983817181
719007176
989855223
932618172
800208597
869303927
575002887
835731652
93933899
517072101
977047558
2181438
144230531
799931231
734493948
322956742
633537870
577141328
394888444
395641616
322843843
712601639
298987307
920806668
104367001
832285812
946902901
528685022
565493442
956411046
581835111
422976792
402414433
517211736
484402669
114454402
839107233
846814841
524006105
386095148
127338238
372884548
803003492
340428056
909710141
553117498
836157260
241950794
35356796
558351071
461742105
445668624
619507654
917707324
313185312
336715106
844096728
795541266
200626271
764344795
253450476
635315139
692508962
187363710
298435880
340324513
678987287
32687924
488619015
702218598
727599996
595113245
36162660
584894372
911428897
958982410
636055355
609821703
112668970
419641303
608252921
125732326
872360642
73445915
658506450
591521326
648965924
150436027
440817451
551987706
569999933
978784372
847112328
763528545
607738471
326441278
208253478
246498790
879254185
335015452
300631840
521360646
528517745
99992056
486687351
735464159
150775821
312642893
159746948
997004592
623550843
636986975
745251754
107483570
328874746
886337381
719504133
11301761
359804365
950104298
706181691
476011338
799046424
196936367
910048921
200468290
328652494
644727076
252524061
660407770
960216517
172546194
157440352
119483505
534167444
70182543
357300440
216391229
488393708
365720057
156863239
743268967
948110645
301356802
29690367
277541059
409413459
929479343
476774560
967251425
183240440
405449807
686633860
556300487
485406568
64515337
107579672
606065616
289327927
575505980
589076323
264659680
68820978
413593101
59628908
601539973
389003552
731432203
798824565
523918693
834670679
768339134
921867657
558718249
832127022
517336847
216643856
830316731
401925306
10901605
67743173
512522338
540414997
985591619
25586260
63337640
916411338
610915943
484299820
309628487
366528100
388368285
206886513
546487464
747999324
461357641
163520425
621520405
557436348
586143147
102735168
937105425
185770513
635739780
14614011
914446073
851469794
656479044
814103391
378197097
916345023
730564198
153273331
70510431
63185766
637138146
656849401
107281262
293437471
963865460
698674365
41441877
274814553
125463390
9086067
541326758
669864203
433703867
947022910
433561382
930241737
213135577
735353875
220773714
882100614
557102984
218069902
611308022
392699777
516880607
743096332
378898129
854702256
865739491
838638200
895633975
984509375
845423561
896186030
776556420
732262931
395594284
965408493
116470998
131974523
42582792
292156945
903663354
827378350
635547591
605470550
720297043
811729243
378783009
732539590
83929268
589133060
958136718
359357055
252224748
707540951
10477307
824022924
73293837
985790586
636894652
76950029
163298124
987666326
237652948
181358834
525919274
896783948
983601951
98447960
68318564
108391875
913849965
290580596
829758378
927369161
839126746
379874865
176874266
394217849
579236811
656003258
650462688
288644078
701528471
604709979
949847848
320439347
12715771
359533310
787818009
35332151
157701933
512998386
229787035
601809087
430069128
89990915
196912526
314067170
911160913
155489199
677002418
682687432
139828903
123211688
317524370
98049231
566582247
714129793
366296287
946419393
966384579
934080124
556478484
436147597
882733001
454437499
220383339
457220829
972631371
683371630
998111376
82633465
4617848
398136159
183749238
349667170
158842347
587830380
97066596
703081297
659444022
269542261
832593635
758069974
923330118
423659685
586624674
591112204
507656779
440293556
671332722
673230808
856683760
140463481
596760669
587378321
51265668
852542533
847235477
360257649
492840346
484795674
856668488
89888281
216358584
410674494
906745959
421029678
704964537
638313885
907366920
685768466
522074476
883186633
623818088
481594316
929288123
35794565
158910553
923579038
763012792
156575204
329799864
431292289
90212237
749898579
833371309
296322788
839707593
447803969
631311152
282370628
279808071
185293906
177311702
607751956
167610068
510216414
190845060
151457757
656847689
490274179
92393983
435597633
311182907
688590737
501011920
23384013
573250554
399932270
553137773
809662210
959863280
907879892
534428346
381287540
497401508
343354882
684819540
762748301
354920971
294846242
138380255
422187008
158476488
292336095
878548176
736538443
127140385
869503846
820421700
266561367
606285149
377607863
870011085
248066271
277433257
21546162
7693113
428575256
685702479
249606474
549431293
1806116
769985164
943878625
744593719
152585231
824107386
77685473
268972600
961444841
313188398
711335118
351600254
23721376
119279579
356002637
53035387
82614461
424143481
581543473
156327729
570336032
614267622
773228185
129129210
704683270
434174530
339562001
934298384
204524011
485719266
340045111
505055188
894882302
33498071
5700655
305281563
723731920
137442989
383639408
227054329
328058102
269445536
723342349
474651887
265454141
81500014
395878279
498434525
169780257
494437736
282148364
452287224
818024391
664551846
99026830
554774060
711117899
946572930
942207688
351400807
301932269
590235043
933994551
67868417
273208872
65372033
870554736
314222351
270248867
581010279
88914542
677000183
736872259
2515520
563159795
860855902
310243185
123789911
320687280
196145697
872220605
797327534
892894922
740576767
249982641
145405333
603472333
785084668
141906144
568066256
241319804
167273026
552760058
920367777
291167120
741588740
574217722
867619037
376494457
756873322
844213647
418198261
240115392
622521037
978935257
654485465
888130415
776184276
906396348
936188079
331598657
421034039
543537100
689304507
46126738
273699932
653583558
23139239
324281439
236959973
568623045
285706135
342397076
832769259
151063191
435723735
821151368
224478549
412330609
533900848
396014215
833506694
514294618
709054103
640021367
747563722
82325410
298415851
188992687
547951232
801639229
826944128
364705544
203869286
599966781
360458404
165762868
446179393
291397884
853539137
916580683
930881849
356763593
438533918
252572338
588752190
914464973
397221557
283870654
51259609
824475443
749570900
804796227
183945051
250819470
628837640
271974365
702319249
948944664
769021987
314381068
922955539
493484455
95969706
972988306
893365969
8113883
682733101
203142469
280478607
678301422
472921155
476083457
42181733
841306276
780078869
246815120
710299491
394777024
211219232
837302642
379661104
444183247
606712144
278188908
26084704
207759379
906487672
211999230
940397944
1804902
26941783
785125998
935872120
507381238
434387127
318159937
507778644
735610614
218778977
301883151
754922241
469624289
788697190
404049430
915238362
922986947
723290298
582410029
414272386
991505887
862025398
35486069
471942940
278353142
518408686
449096513
996965037
721392338
60775753
727077051
152613378
921280429
238268017
770285402
204275806
44676347
792814012
521678712
69863697
544338730
855349453
277631317
296527101
64385533
331150770
437040188
301894356
564155937
875635008
882162793
44324552
91567458
717641190
126320989
359405772
244132425
288310206
243815956
990606488
549291604
660215755
413386877
274608006
913982901
58892132
545825724
871591454
535368890
105385949
35801228
519152122
842942466
675388123
607913547
739116852
349388561
807284172
471961980
595408674
26799700
92793762
687238136
829690295
38864554
966950143
443574688
745770247
535390411
657484487
88291076
95296643
835357023
188899808
284437845
943482316
836696745
225823843
372055524
37071423
134776443
974885926
978405992
374001859
241475941
629044845
40645453
28955346
538234488
559551054
351467541
745120774
583561738
732339646
281725493
928995683
404252144
328438506
763036240
980719374
109277053
582010588
862838587
59278207
226660864
58630224
860449838
311474214
686690330
813504106
479674898
887846428
681869648
61223411
176797999
51893121
407121278
141969889
419966432
736463863
240347455
987582096
847319244
700881678
820746803
224708406
939603897
205287687
723878972
100619198
506247737
748357261
603741852
783674754
637600379
932388884
17423415
216387346
680387622
513384929
382608243
924568475
863307767
345088897
187338461
412768563
277852436
983695795
968518418
763146140
241564208
393750887
87803861
433303566
391771713
290248763
129587666
11629282
457352324
666991806
961352852
128838717
876195817
882694366
226958369
416426789
63997759
937946490
239166548
61296500
597321445
996112106
410177467
46887563
879112104
231737311
202185147
468443504
367766512
44240927
39736891
650339935
874566964
445468496
414317315
854701252
87006621
754714120
913371264
651916144
184477350
77579156
949373519
682579626
765409128
559588473
763695191
561060779
27957471
829925388
675774648
126435820
909130447
769901907
930751138
817655645
383001770
780301278
400623511
467980787
480010047
730046269
680022448
130204217
835789407
934829279
797944680
276006405
443544599
776314902
260802210
536647740
753366082
430933221
754602867
345242053
812551320
439931280
256135821
948822086
456272285
941541385
170440592
752899690
589270572
343625635
299032318
659533281
154739381
196968938
377129283
511084296
128758568
538817455
869326763
187439538
220538765
820956730
639252319
599927677
489958550
372996061
564835171
953234351
130602123
797790699
517853119
127368880
423395934
885737552
945569342
133889803
645364509
779995780
183550367
581187607
383348734
556342364
133329913
911332402
16329728
776537901
400573893
672724295
218474602
167511846
357881784
43507032
873336912
420278553
466835838
936526850
777232821
115597444
586077831
456031958
956900614
592551286
351897798
2691976
524158262
179708759
90124447
605029861
125329880
256694479
751869746
760744292
59435265
458862797
662913057
225110514
184279831
533613454
607224959
850468701
345437058
322733510
220884229
387061416
781150519
833038166
888823307
470686219
922015604
963681097
18434907
36953655
87639522
942202392
909311558
748248539
410804542
659594435
820315971
971131755
465021204
556380465
118052430
527112001
703223962
401221494
860891380
438566495
744492460
640546995
562877127
669171804
509815352
256500663
767857453
700858308
597649651
735066097
448512883
719644171
146040591
181437179
291816200
136848121
644281188
227565533
996092549
123642504
715055666
62262331
120315601
813310619
658227121
532621626
209424517
499719912
356423737
927148875
635639304
190920939
464277202
493439662
284135899
974775434
274113957
154093173
936166438
756985905
239934803
42716008
482665134
450970896
475381949
995219534
324946051
381198942
864387581
964769835
607864766
113393175
224953043
502404344
974451186
292010528
656857742
562482906
288388977
786824844
523308176
726458056
454967218
538829424
228768606
10132833
361815563
846616596
853388068
511631137
861151213
842915143
69116811
40326365
184858227
20865816
736481500
404202234
87403785
283503554
392514330
867933513
788279922
591860522
409389249
283014333
17276882
575315836
995534961
291020430
228781391
475994977
692262702
594801683
84536967
445634063
932882717
560375431
900283052
136685511
219839530
484858576
143960182
315620195
830521890
259163465
447523055
666946965
514100644
359261211
541480448
951643737
15122389
197047058
505996562
557445716
922986786
303735016
891237244
847320618
605776026
87596575
714766368
415644495
451340654
782821028
818604141
896945083
685871041
561800519
575619974
637932427
12557662
247736675
332533256
523343498
812718189
790312330
954432830
241321034
995370499
382566781
977380390
4966411
589875669
521520268
424633556
60312133
879932552
22509853
979958608
114762876
659079113
69297400
374153610
85590158
578180874
456160000
454569029
813909979
559783767
623273853
230493388
871752434
386399974
427914686
672781612
933022228
1973092
470208572
703050173
453563089
382468310
203847462
433701611
152410675
921923372
152403367
917837867
664466002
299110860
817742412
695241257
244911346
828650555
206504028
25405203
313986873
681656227
143795824
561551184
396598589
976706473
34725106
967184941
332140898
995769509
381491208
658162107
958312040
944000970
79367401
256838571
7201301
400690109
84044478
415144775
176288803
319703693
177448697
407539669
944457919
287966757
998129755
365725000
654235936
658911167
42828833
184790703
330615823
342523716
161960538
147408913
580312958
82950494
251432247
640244594
806367262
416932586
871723380
993291424
573182603
69350992
894103325
899335461
384117715
603056394
415461595
522701695
946649506
943106311
798839584
198060657
512599389
534979797
754090594
541464677
778707108
255647483
670391678
952935095
487542940
447830341
188176459
295044130
48988976
631173674
464665205
577163764
968247845
535237180
438968810
307388986
210323044
153733967
32540531
676952973
712204634
510303693
859162331
184811159
747587432
913666058
15226843
501074772
168606511
85280529
615727796
186653387
632935105
981348964
522939548
70469432
813166648
587792074
239501081
433118926
621802119
324385356
643208309
470053063
697551715
183337074
304603762
564835326
388792134
697789289
928271634
933309122
775676336
514349010
995504526
639978631
920190066
620687826
517362880
192605578
708578044
731577228
347209655
874432111
676115191
478455063
149797914
139782831
793827204
794807211
30782184
976482781
157446617
314704314
290509315
127507942
825771204
933260003
734069843
727740615
568295603
454975385
520967254
664066721
182369262
940116720
649796642
921586954
616956016
581358756
599726571
420803317
330538590
700867916
164169971
766278791
531328191
797456841
251664056
647950681
92342885
217466346
81910216
542500762
661838464
602609201
320125213
497019720
896257670
326433875
145080811
172790508
684668772
409548898
885520642
254074607
158249159
857111229
378589623
770706230
220471279
977498080
876099384
543623903
824261064
148977878
847135628
148494482
682853274
558148071
569676626
947513126
715519397
625164610
406502
501047322
405134044
953217204
288931265
54903641
461610124
591467989
700789618
738649748
603351035
999065586
394969585
967349220
837009060
472998672
210643521
915059075
879675585
569997903
466912355
77823633
426373133
463213876
618741272
59521485
748321353
812301468
172575840
759002430
335326017
941777603
248691957
446754771
610713391
603192933
391283951
54219228
93917196
837600905
844048054
733824220
253524614
679685872
45947728
592536838
223439588
605131182
333781480
668639067
508438445
750801637
85394745
204013140
843660331
102725200
3821492
821741596
368222428
2667681
596239417
243162199
639297916
677171187
359084551
174579846
358807478
704392063
394087203
568325356
319059722
877226223
960049538
982631147
383188861
913584790
13767442
302558094
867914672
415071308
642514162
590207422
923731203
584515641
253397137
268091962
509402719
427692346
160403058
756543521
265847828
171549743
308620941
415382703
707712437
924998028
18579079
47796717
594067745
144305983
555974562
237777712
952014035
676097842
23256107
273738082
505473792
447074894
175996265
60307501
866380147
396973823
611489299
350360807
804753479
130377343
219122031
120244212
346308245
739444668
535134212
259003618
955444742
818545144
982670115
543702987
826925385
451592564
328569702
134103524
290095828
344303050
631971969
456497553
794407291
433101010
766013415
18954422
565958558
506865393
456858042
279509085
146920147
469062915
324043308
589520990
988298540
336474499
305694371
14039455
584717449
358279516
627046006
669394269
877922677
857287393
926471564
309119472
994043224
559434495
539006474
801473903
816230320
288573905
38764512
433190182
850989788
81461306
512030619
144566748
967623049
544268770
531153321
26158425
845114303
325718625
188048120
626517157
508099728
421670556
532915917
913521305
330049537
720684519
244587439
238447247
909443483
392575402
644570774
463395325
334447332
833056558
454578265
194735498
293370065
123103816
930505632
154910001
609430568
906021147
996365095
580484255
701979661
18366107
148849362
826320924
22931182
528775296
236306838
84807975
373887392
39966429
875747206
78611453
862290300
395351525
303731624
697915358
796857081
439153690
645057339
392195366
77579099
135380788
88791326
186269019
638776273
652465408
509579709
392159972
600868631
586615977
583346400
411278448
834102538
470937471
137380844
779662739
313250351
96006351
988497622
289249620
973350059
102240235
780996024
109376605
209660592
174102033
904349754
80057280
417520309
372415493
700181992
313014083
601461008
349063177
208257652
409095466
932579654
247679704
527188395
933821423
165430794
676854107
189961505
883126682
258539245
419307485
155443086
427007677
882423994
187386869
489827556
595879239
475990598
333612006
941738416
404440482
148349996
881867761
7466727
414304947
565858503
429362301
600584408
331066565
647135257
161743241
590693462
511316626
240002438
882658497
973984897
763678481
186112086
689534630
917030995
247460259
370773894
563273723
553806720
584695779
733021595
644764470
172426950
442736034
235553667
369993592
717517247
424170305
990978948
797177055
28462813
432009650
826975008
492079410
940699070
418595483
20678577
110475218
760595581
266654616
441033392
338015900
159493746
47616044
232358945
48518877
339477382
637529682
819162594
974658871
619679224
272805781
524217649
839698275
129930555
820594983
702028824
313279040
533576405
650461015
890148254
284222371
772194134
377541250
154921636
731233208
847904133
222905042
667421550
579222219
190386780
23169288
497448856
492251628
313061518
184112962
494882909
676565982
605241384
151397747
280840828
87368810
441700093
836133556
57911885
689419598
431690715
364267011
228708606
815893700
592366890
59852288
274188173
365720497
240488712
613527549
295985553
823435880
150198702
286998225
142353476
397044868
127534179
934144546
387566880
840576034
338022240
872303539
938245023
774793535
507236485
600743377
225714850
346403766
803832370
376138745
649980541
609980742
969754515
426797074
260340511
763213343
177151548
66175430
349115454
79210953
543520907
250617350
849323246
197796883
479826498
932211359
445057717
562462188
525757510
165580310
722891533
797724813
111555823
725931396
58686615
26171425
956658813
463430439
526444413
141192525
457439826
638454932
64177553
997105617
751289534
982312108
807802032
447945303
304957144
732320681
2065550
920937382
945440781
311911947
944607523
135211085
360351442
359075288
893759818
989064833
857113042
571629527
247976102
801080322
505605219
93383829
124836015
966106533
381502090
969152286
588603537
67121338
659772588
811165630
869161720
103095268
241629903
894061252
612237220
527136275
79824634
520541591
521572406
740323784
397727126
674735117
541970681
40961491
895110466
338872327
259635638
999281287
372443698
550742121
190614819
239152274
88395133
221951076
90506940
424212924
416961229
436110759
511450370
267755854
17838702
65819863
231584761
633313235
576203962
108634228
974820607
184071445
144961141
422891634
486867794
495003055
990582596
956869024
878552585
335511210
999380563
448464936
934817671
640408460
462309546
232843734
445059256
509454297
442409092
570499477
57652355
618302736
202810192
36794957
794741969
982942970
687709668
948945219
993828362
122966307
452434800
682286219
328443701
724134240
185736607
422233316
964836507
796844969
347261748
46298095
702188378
592602044
52025937
669769539
853047534
926265766
725826771
684340898
945357804
788010189
24884370
119302740
494939302
267278032
594296250
658768758
653975669
494416832
401962826
222780037
63547608
676891191
608434611
942355049
196960841
718247830
545179272
924960827
708773244
375406004
429938693
78597338
211879955
517144391
781624701
43003026
583399526
468352023
633387312
886244424
548006889
348370954
372728005
578389590
116835735
135968806
654413589
608484607
644597035
309796347
859574724
849019880
584508813
730158437
263472505
142584900
21012202
615697970
978926139
642747807
463886806
118122328
744659283
685164120
780118179
683921660
167070451
495651233
887190356
969389534
482915860
280124589
904422587
201073858
389433220
687618350
51178721
605397566
447472913
996926504
586437233
896841645
348891603
970436215
436004509
341009127
923441763
92164626
579670784
788021192
624159073
316308123
252892126
770235243
670016026
326231168
324328973
117819692
163860505
898211316
278293266
553878015
136206392
468265123
332244573
468630962
899846658
257143085
43199255
85509025
382916134
478294760
290715949
934491217
133118476
964376869
307241381
144921929
449819732
377939760
466131898
307063031
211476540
791176914
745948754
516667403
127442400
217135608
861573715
36035751
84476406
671477516
511517635
386936244
354757423
971275605
207662520
752747952
593216300
526810654
50465034
397357767
365814344
286649875
343002828
381768401
786633917
114923030
329169927
972910767
412793656
699641796
513044819
645967830
4229726
476280685
319221220
786100390
281594118
206948190
628645774
532928457
485663660
713753660
905582595
296884044
934491646
479129157
695379673
931825861
974386708
80408213
701287704
271975571
841369350
42840910
510205134
329618047
148800084
300162441
288281715
715535522
782502783
644514684
274077429
963119546
505649992
78946950
894210864
159858503
46715555
871118368
261598621
144416193
787673182
589907786
243813181
942779089
431538731
948462443
721088754
23658359
982563287
392602283
527953006
396554446
47417747
735517761
531681516
680929740
383042537
832751471
697619314
373178786
674257142
980678326
745000593
119239880
428251544
242744463
128056072
880953355
835745454
353685584
357104667
853901742
185331473
180680983
120662515
736647656
527977279
408765612
357201402
806305491
997754635
356858757
638113428
223151284
745887201
281393412
998641058
215041232
240352983
299789274
62789200
705796734
160627040
729553171
544821734
111162970
190663984
237792421
409920050
862098329
349480336
227582851
445739151
810558005
284320142
398322475
677533060
359123288
804585639
584753181
310727983
574794943
543641185
718819179
817457623
344156220
602416487
336749766
581391724
662739145
335098112
281534332
908450123
595076766
939714009
346539729
425929126
287991816
37598649
505878042
814777064
372850957
516269152
11171600
731963992
41293891
781933800
931530470
540352447
63897899
597936335
200791352
912912433
177028808
573500362
501227930
972544294
501823225
579613982
604225956
492581753
112545761
270905246
321647545
389013697
281512987
412713039
732709967
430322677
535296436
476160566
787821430
999821688
240880854
249502081
705363267
111653664
549711259
582096244
627202008
428600359
917486275
926190168
752172314
356120026
568784780
806422788
846079262
404648400
173156561
834804926
355051323
429555912
935005874
691948418
403863963
1468277
685942615
880626170
800160987
290918247
143570804
927972936
393296972
640257725
883864571
370562814
80764309
633412399
426290157
139373255
22480226
765797999
449246821
349680595
951550284
662616682
684459670
739199863
319039891
653345990
319812240
173471790
976120551
509355564
816362604
114145694
152728587
793119563
108718389
997188459
792921510
583709750
128229552
315357996
889723304
723322562
5575927
737970402
949169905
59560822
953923683
119239609
85427042
742436582
96032080
54770856
183151295
258531996
124200337
833735065
111257515
905639333
720469101
659184009
216528929
634352013
709608181
396151388
791561414
17643633
483030100
826668557
263016982
281353164
6486681
729593254
814728240
597200854
976935140
390517352
881858603
335861730
31658312
983987386
676791894
924502121
866010463
185029812
284827292
613542697
408102176
937634547
937176236
27363216
833297960
393902274
61031109
21563400
286235696
496984433
797727852
626296046
348072025
266339121
171728645
296246031
731891100
676799565
878040892
587870531
17447549
415111357
418554049
692347597
207479665
857330115
643478847
172784473
941365957
419649848
857479699
205977075
229307393
615212932
786599366
643655902
566231400
46531918
915892055
360398505
819157853
362670704
741131389
546165505
705181115
470264884
213884260
792950442
597443153
407578014
591727476
485288544
376242396
874720627
378007749
151632180
381038451
338078320
322355504
733532473
930793769
552293713
788060423
775844408
529764491
107685308
468793167
961534724
360320545
715849126
15742899
88249253
343792329
622613545
48371665
518389464
422950177
299154861
600965864
365945878
852492518
455006512
934964482
427806120
882180579
14105525
337166019
785905802
107730336
55802704
455732773
340821451
663342931
818913483
867163371
272343875
712851175
163210478
997656202
747708911
431348935
753847462
992857836
219430087
152615785
552488777
572775103
303977504
849915810
648915149
589808371
966211679
804023080
64794028
947071237
15524562
211018273
41157087
623018283
529357690
893805273
255020263
277108172
815752454
145955330
733667804
532359243
247777380
844387126
408113292
275875936
640470876
921917027
195671142
55412611
733400484
77172122
405981756
221736680
708832923
728816352
246159146
813358125
244539078
938461690
617201185
331727020
975397294
478119513
319728846
93600408
242575743
155098541
440851922
390646356
128324570
784116863
976643366
819841390
671445172
94858244
12751855
108979825
716862564
448419233
344727737
555533081
974429589
222091057
396786801
530487162
769619138
563499382
617451052
827876355
602615092
210555574
388147573
508166266
174854084
834114786
58844211
619353727
984663923
537120570
190506163
229903542
808133997
660597262
134747319
883888397
109922069
835420466
252010054
632803685
761801784
229829327
340936149
638105862
710163562
570749184
317137806
784087746
246679987
65317645
935063329
988290585
498722710
194746379
437198880
58109501
371810706
572202566
91785793
418065309
578145761
681713406
293099524
484397543
249304360
232745413
595201306
454197638
940042486
895703513
467506930
980654729
895286165
417397712
988335891
159630024
402102665
836970347
282647580
667060985
355724722
947504969
193192556
65860002
561344771
479183874
321584198
233764668
578583785
349105721
776034739
990858677
15635489
384757384
698171896
748609101
84133141
289620569
697053755
866808977
600409753
531420826
129999187
965165857
867651562
363720136
303443460
54165408
572009708
748187248
588783221
178412370
563474372
418029381
151134503
497991693
903526238
384553001
915711858
234724240
694219060
124065606
611736547
280142040
542585192
952023759
896425476
329896659
425150211
590660747
216388293
918375693
683520375
202269373
692283079
72475316
126340714
33359258
857032199
978186751
32521340
812191698
992368283
683034781
161209308
980360215
474767761
519859065
495597445
428907110
139647266
959341768
16372390
544944294
790736424
451337873
441731341
329727128
933256484
808068831
3249204
223621283
817837977
942872103
990906126
10391242
681408520
395400032
664469461
30317042
931635341
7501091
581494506
849606519
808315161
177583809
980122134
529567979
220824008
483351527
70170839
377434802
553972696
351678306
451048902
439905598
397395052
784279383
264678507
932650367
365907603
811709743
867590602
509923225
89449073
390414505
168620484
318086548
319782401
805519652
426632816
779874802
317816860
303799423
369775254
747956723
63829196
145274140
150796751
310481132
390253570
615050345
301739475
170113442
569110921
567598008
645045570
600594559
406722275
172112752
336097156
845889481
282200802
563009910
833179460
974516613
1353814
936310151
127857957
315843529
284030040
696524671
232624672
47262120
763412739
766468498
247359467
47628965
14476504
369649386
933135860
618840715
332219794
618868714
302416606
248024000
364170393
662836310
239146118
935467621
54857472
409592294
251148988
456288032
983788558
109205271
656902696
846011114
594027431
113306389
880592090
159469810
432743927
628503818
295449201
622990731
103068961
321318488
811420573
584663498
733264636
488435861
24944576
257793573
3856099
600396155
880012408
133274192
118421427
770799405
361895943
811229999
876440645
959829239
181061661
348566847
669405813
670412640
145263962
374590343
346950493
554241361
495595956
256289126
593544753
101466721
50125391
706251653
269381567
224635774
806515535
440368659
478541343
344205389
656599960
882342382
104693973
174184029
586919383
798477307
463010901
607876701
568236633
515257242
200829109
83215937
485793348
922508187
74644193
996188450
268235635
938398346
158178623
485672684
999322037
92240419
613770480
656188392
286705451
876184559
811921759
656895071
434176650
679508888
294840571
661272012
632569237
985419081
896801373
939737942
714925081
419163142
845327662
211972129
259904780
821974005
2448190
365593684
468226669
584907046
394099940
449595159
295395767
133920050
106786266
863614010
860996941
732263002
546270706
140912891
334810314
923973469
567079424
646366898
149759581
857180884
406741984
929543575
365156314
855097326
321289648
881917108
436126648
484380675
574718977
350299414
300815600
7517237
433348940
726863693
422101970
520313979
540505290
943755570
120163879
615294820
110477526
217718560
107602164
756147358
132520506
900290741
127544574
695853648
54491162
522406577
741253311
994375505
253241195
620853283
446841854
235749241
19332859
92637228
669618750
4677687
684539521
277447175
205148594
601352836
400468462
231807029
574832257
919458937
547481185
207964258
632200539
534751272
488465880
211634700
714774846
401394675
954580271
159872411
317234820
675111502
55528525
353597330
122490186
747931014
433445065
271187413
425344396
462369295
702048566
820509422
208162106
44083444
431902622
471621615
870021181
851312808
63495479
260088909
484044330
296153883
483284976
865703205
576851944
798866496
584112471
834765379
631577945
986871835
373862956
367798011
147855278
861820197
312192740
313625028
391794632
505174621
638134138
91915523
222755938
320225459
821085639
149504953
745251049
441951148
192103136
425750938
875745243
468165758
609048084
115966463
464100536
292338093
866708819
699500331
579690741
303382591
316240444
754370713
394738243
568355585
995797177
729082635
885789820
454975454
650100099
964923595
679205345
557369958
224171635
576408076
637017097
814370252
796535598
211186025
873093750
567453171
202248647
974824003
213619949
954738372
44178485
321246126
868849996
731733395
582772269
785287663
856595281
212496831
195605942
626963447
426862600
182595964
347933529
685793606
213562099
621730267
483051365
52094136
583844402
701759157
169343343
277141514
797832085
5711722
84880529
753654276
540448713
159120832
278526571
500320392
104022490
349871477
983181057
800025087
890783454
52471074
209426655
226243338
660546233
108797984
620561094
176038561
641453491
294596846
876654733
855763598
168556491
306691404
9028372
121222384
629386745
189374293
57100772
440968596
467036908
482059847
904572924
741545615
330776867
613168285
245507848
534383348
262699616
780294233
176104209
852631250
235276989
312956396
560356264
330579010
291199436
669508003
503134546
17834354
14718526
64715288
564833689
223946002
738030888
544073787
456568702
124411359
853606891
89837195
59109402
980839138
313079529
281572343
796258251
531513209
257414411
60810380
556781936
857154191
758823813
510180986
567914374
61424606
208900431
505770686
303180111
427864518
228629361
900181537
678442251
162538688
117745781
702261851
676436570
332654778
993263512
371034308
623844057
34377669
145069257
526967420
104628502
973380840
505091840
802282404
655889652
640880885
166040071
509233373
69434723
911332370
815773462
851294261
82094427
856042219
842345273
901505336
436939939
14863611
675786103
892978480
728081071
949184835
519402473
633881556
933071827
26667036
356322430
668245581
52934834
159261653
709616342
117605454
349084944
751457830
148183062
483020585
156654508
288044552
382737192
299088644
667573674
364250951
328709942
915538052
530631217
107218671
822313551
972337792
699545783
82073274
140948271
200123451
662363161
154383146
207795414
91201389
359166585
637797188
798445211
456479823
802748228
591101701
737906748
198554396
170587386
510087458
559643550
748148017
635503527
17028050
196704585
470523535
447124162
282781870
686352665
872704552
222590840
351944465
713979488
602580085
756935616
321563071
947645171
728070769
568901127
884903443
233746845
313568731
775470828
119977707
282179284
903658907
130272224
182174809
644506512
662283681
955897267
342936245
714824375
29888054
112630832
380147213
199099478
511846500
386186573
596869253
296836343
498965282
739209771
816039883
955136304
941263496
505710623
42170714
567281634
886941453
301880434
875216730
345173566
22621272
249046088
579633096
612214680
241637740
890629836
208654560
343291067
661682957
775614379
399542319
778700319
246037469
717885173
818934657
767837522
351959258
744074357
833100714
996297890
95930398
718871291
500566318
914477126
443455532
357862691
180359758
343568744
497387316
71376567
712419304
706003118
877208159
241663753
99509746
917338662
338512064
13666509
637370374
183409018
558503366
765081108
475267789
212342089
244659519
104602870
907783656
228654218
157377625
197936788
233021478
352238707
719372880
632806173
608000751
457720953
960819612
33182446
376013303
191850032
658688469
112198711
707575320
163968144
98050677
406455639
845651212
397521047
420647297
955834735
898134739
482820388
785200953
790958672
120553062
248803499
901366604
631661707
100818764
634942332
123197237
388167148
997678970
951201987
331934904
855809846
45046645
246669184
985889124
69995506
790375178
908223889
555492600
280918729
844605504
597653610
967710269
856281562
713299081
247868524
495162056
653927512
696399691
807332658
774245816
44033832
436194569
683429271
560395504
378833252
788334767
375775193
638040273
346801377
547776106
957732681
563579211
558464252
17981067
987454738
312041110
565411232
764458909
525363723
227226120
698512947
798522289
566668405
186605363
511315023
863566040
157528267
332612804
802602103
776289732
462664091
702642836
413062374
607290672
927834951
129615664
188193778
56209623
518314115
147200463
515187063
266037640
756964107
752738324
493238348
529637607
110291291
475922876
627243658
704951285
858327429
370347855
841264002
970364088
898982271
13367673
326818908
253227162
365245781
452762520
962516089
127253965
54592100
754901946
423100774
565535299
254348480
973532933
354334958
639682601
216003676
804636537
241133895
605676766
862407443
954756706
484955167
227098477
920385468
800937362
120003263
531410269
648805207
275850559
877705305
453705119
378443757
859938673
130925254
729521127
19424319
306001817
251896783
971464894
413705674
487760201
637041872
403716486
377254558
585838521
58299051
155608802
132223765
370057429
628167966
689943003
824962355
59462526
51011701
747160504
51580497
156509260
550566825
113257714
852811431
310598816
396514711
979085426
792491218
410814298
223172570
319999344
694259246
656762739
581813735
576388958
130085602
196166989
495781432
669390186
683389581
615964849
858703129
60505259
336217560
981174083
831558999
847154921
37036842
644246084
40682447
438716373
723851265
893974159
4950964
107825680
213367880
217371078
712698466
614986158
930735619
275834058
657852066
114563363
140248849
861883013
849641151
344152262
102818478
935034904
499843441
640452620
711958259
809337361
745612133
526356493
837455920
635161298
973456227
689943138
240659983
656214191
273384072
485773649
787128876
90043741
429327791
866304862
707971210
655921215
861376111
417502643
994973744
578693786
53922865
13963778
433431128
224174803
128938175
828417038
432999730
668141637
249507166
908954013
956726595
600917416
767413240
574140552
612143234
374153955
758789352
897223909
667516251
504979412
482871257
747994383
790765678
733737165
424423059
384511433
825457804
840803200
109916364
938844244
53543000
845738587
842875175
398377464
328597676
8587105
578188401
322592151
864016875
733528509
74958464
345340667
395834121
447374593
48235415
340612844
552124555
460622529
897901080
299091836
556242972
350819525
737582220
470198421
314946750
693714738
97259032
340020065
987887703
903753107
795721304
827172775
813661194
595496880
369003276
120204704
164075490
39928896
686512776
130844895
554890986
512429802
441336207
373659862
986656450
534680988
113295519
537026142
959835929
297652622
336414198
563050028
598581819
364924390
237218991
298830884
659392984
172173836
121945608
386575639
527896054
116530516
46123869
268315785
982144709
165960419
811310004
793976087
817160223
386018475
724623383
653119745
488150583
760220773
609372544
239813349
514311545
649130417
843678290
453610872
762627021
170132430
376733359
754062490
973083189
872487431
38917987
898363078
409768133
268110547
733262509
96073158
223120560
867018401
202553991
849105655
824454791
87912836
684040060
158594958
358543385
853641024
3838873
210160040
826883975
148325856
313513294
63038128
661330644
233024045
738736913
23687458
59517034
761241324
44739034
603592748
901191430
71585719
401369847
294419232
21907881
902188669
344130528
646026379
42810852
132238198
303522445
803883002
114489725
590147881
247736517
151056541
359265074
139347452
353905529
803142175
609290072
201882882
684595408
298403017
301113248
835883259
776843204
262001046
688726075
789551189
427167830
909716241
494496316
506611537
82962517
512951995
140854103
891192866
528706909
466014203
53962006
564146778
525705591
571105193
425156153
534845758
318308292
518416313
640344442
714793150
629564801
546544580
309396811
709852541
800946657
761828272
784638842
653549323
831676443
949235053
274240852
148991955
396556531
770913659
777397353
406152209
945862238
910294565
723703928
720563445
801844019
561849035
207294631
527241286
87878662
236541781
298250087
647543132
969758067
814166272
812046127
162026770
707484046
172093349
955046352
434783861
533392397
784902272
422822508
431537175
118358002
9898808
907861071
806242219
900037706
544006038
742480141
34740077
387446960
449785930
661233325
853835345
90169935
39590434
225026799
224033824
185540014
547433049
683810070
924208313
363616204
78660976
426649888
178628774
219193121
893001766
933775049
152300759
483948820
276993389
924355908
596192634
382987439
17630424
313549035
488331495
218514604
922308295
314440291
415331905
150779561
647270034
84928802
645569798
513241327
825801446
623273357
264693347
282808429
899402559
429302639
735388114
104433197
949102887
439359223
682773925
707388244
824248694
619960032
503775841
585357874
832537597
609608573
777386661
763982536
538175444
675155484
562649601
523492117
616023360
887379529
784368796
887553665
265568125
184839582
180465719
653610287
337752261
273991537
369538667
457722647
588650940
495203967
213888294
542758926
546985986
395495684
575471036
780100977
181197143
922401390
867006682
905733581
817208177
210029447
809848920
542296804
872451553
538531185
540931805
887978496
171254587
15505918
357373369
945502991
262416744
316684433
716122219
904291017
7847694
676841513
275172127
50569188
361499629
649852067
924182310
666496322
461947660
536234794
940863464
956286395
935268326
647741009
454999100
392394654
350812407
630898101
58262957
448899491
837213952
542023491
924884081
755440874
532898206
438665976
10002611
95883788
755428884
812504587
774639335
833877727
439250227
309455044
270249968
445900013
576259797
745249564
778314939
534028930
2985094
568869489
242197954
179652471
521017839
758036384
696342203
868736754
762300559
728119728
952894237
794270088
785276104
686188499
593645988
631763655
732903436
523315860
820432725
20536457
588154990
338738992
830837839
677648017
681849204
755477514
878786107
682971231
420707320
646942008
160184809
441069599
513480598
358815748
769948191
801599505
546108946
199561888
714336760
791604675
797585013
811520158
16863378
138857502
885268523
105720175
838467744
648224403
928897712
525240785
882981394
207979904
520349969
23484849
405156067
842071021
622870784
502753169
343242365
878917117
325051360
846117470
705259245
721434825
830149731
323319515
240078314
971825081
845255371
884939685
737055130
988437429
983808821
355875855
48537520
319574958
140051013
883116360
847344505
983544996
783481081
435135347
955565518
501106271
421533740
119505865
369274397
6479095
260651999
390189181
79243895
364864654
161202101
122129505
896626947
32916279
451957706
61055185
92370957
216932822
576271868
108894746
779520760
417344946
704563142
219220954
979641236
474898454
515947682
150016937
412119242
885765242
619961996
878309770
862328468
609666107
990944829
651541646
166096616
723995013
48757676
20770797
517966815
136987642
217019561
426164688
743736346
367757019
252341415
140956661
224884679
789826208
984429491
499584688
684086648
585092020
675355244
589765631
463283972
588977536
159968372
220955076
474738543
106353031
859307610
333212276
579246698
274657055
380134341
578825339
69338571
395517047
836711193
949402925
623498206
73048294
154105270
695188964
997203560
907899338
765570895
680209364
543190757
299967673
133271988
664314156
283991877
623172204
517045016
706882253
349077860
397170875
906059784
236972445
665927449
389004185
761091993
78918496
603902575
552395452
387624073
849704027
958742818
291098283
222326199
775039703
547700101
79899932
593559437
561070143
390127462
267117772
579889073
214228311
893633083
634631335
224368308
405306273
637110598
931337335
332877339
336354849
362979441
962103643
205499309
326992705
388560932
709332183
487313013
219921840
428577495
286257581
136878656
26123922
124329195
189364089
286789484
235723636
235453344
979430951
198708223
267055503
716614629
948590686
883260172
719444666
843398246
655906256
117664869
308209239
333561554
767191485
199581811
820121640
45060272
963454499
534963801
140435100
176154780
79264093
965827582
701403926
901179249
94826525
995584180
970104206
770821696
24060379
434303518
903398148
803283816
394489213
406581431
988086002
872905028
52130690
363986663
302405288
269452805
960713772
794778143
854793092
375435746
577438648
27233620
434205800
475343275
445313475
800807344
761951367
161433901
754310751
819021835
675750728
703982031
628919033
430287685
114455611
344051409
696900212
991441953
623660295
51932394
594329515
588230783
178119651
982690075
662502961
996763646
415574812
132193167
912768990
453366923
786927559
537845577
771891994
941498760
10717949
210466470
12212548
731190292
361245612
43784507
840468592
14528484
14405797
108591531
245606557
614464962
148055414
702130694
763879640
413028563
389465046
988571315
857959886
685669998
828539777
999632363
452068196
613555373
276211869
455820500
388982499
843005681
927435204
932796180
807324613
152093346
716884532
539344364
269863000
428851754
721396006
35484530
225443586
963464476
323559621
360483972
623253406
387282172
430765196
123711201
40231411
984146510
268614638
233167183
656997306
870873026
982803522
213722324
352855755
839251388
169398389
329313117
873410532
769892365
535659034
909321301
321106290
307640406
224875930
91694358
389990319
397929123
356462229
25091363
486939779
246916853
91303482
783633849
67938392
436250456
129214307
661707673
319388498
869729620
135146965
600672734
928141564
745858180
157845038
409257486
377922797
422286292
306383138
928077974
792886856
126947716
454671666
199386071
658661017
8086412
832718299
966829567
281425872
723588375
580455625
33585365
47492341
290769891
443113386
262819754
842317616
281224749
751296771
52293588
991655787
579483172
351256218
730630451
94048779
494318733
115528552
63525560
371273929
165874620
842016070
46696717
738184757
423071111
365052724
113002816
587617758
743825354
424159235
821102726
173061272
584714633
378779252
891053649
262737450
680020084
454298128
343615318
242120114
782686370
567078215
931550545
349612504
655995085
193949289
138226156
770800463
14691995
32227204
420910197
11005237
163942617
296822575
362154328
415221737
951304261
960096784
949433570
535057618
653077696
153831791
595285134
228059058
590857237
897147695
128877667
980445328
476684686
708100890
578132647
451142312
967783741
298542802
924652683
104467909
416003625
612750559
5095332
699625494
535317163
759478302
715869525
725147264
731819537
101438732
515490429
933165889
129143781
305520880
25580620
417914618
977180589
690903096
493785794
154814129
496821210
686250466
765834938
704729125
375512831
406208434
130013125
321611696
265312891
298397151
530869149
164022459
227747754
34373902
148302270
833266842
961205898
893480043
376050670
207769871
331493289
338761115
916678924
224357421
305857590
809526092
239939929
683194939
864251155
835344454
976402031
184884648
959831554
181902068
626265243
850079791
343577064
531821679
285953651
961358895
162585378
402553435
102899577
432350659
500061780
187762177
806630673
371660363
485328631
999834550
153359661
204201644
501809389
985644935
946359478
209411847
579507787
149266460
538733466
113671871
169184400
397785117
167406512
851754313
184811050
119511633
587198765
746194134
782142523
696772657
140477388
847214665
884242522
576289417
57379939
887196289
986336242
892484536
738004588
562759383
719496544
318700318
382452390
943834973
57900114
475081902
493113563
249327051
232341830
167376564
489151497
456518883
767323257
25965511
668480931
194919569
534176374
365347601
855973730
304553497
612586288
521948549
234487326
66826742
422431981
225510897
937791613
387171879
977663243
590243517
787744
959702125
617107296
932300967
465196630
220131947
84852497
847289432
157571475
593124177
629598638
751154335
592503936
463122065
427424610
107045278
183677386
280122045
403287413
435869938
819927866
76414153
197335758
92141108
516596940
933924730
919467913
406080491
762364785
363688385
211213982
55391376
15915105
344972345
612870973
631044560
412295915
774050850
974448389
705953719
95363230
788218015
851504818
916437307
881226637
574925683
411383777
735483598
332669656
706287615
235015243
377774319
484751953
159761010
107857702
264535011
826995099
825790969
350867208
817176839
559324076
913001711
529051820
380387499
544466012
508630919
674750677
135896793
825043708
353492439
227173097
225196123
429081778
489915029
315068561
891433533
870609556
304738123
255389966
811372816
831201082
273681289
634563781
606870677
471533232
998207843
96099492
221282788
820201160
800375030
12444728
373370444
829149624
866886912
173058348
527597451
400844273
369829325
280032818
346894096
617844587
50438320
492516861
107667534
299983434
60541072
701398914
576373920
933760617
288433059
196728794
117401929
284652046
819367582
691201420
933963969
496095011
66487573
562272589
107551229
756535265
129685692
625659210
779477989
845500351
446105761
622465651
160340050
741022722
422838476
569244409
944727227
116066849
647748829
765647130
743814868
383441571
164123974
793373795
279412291
392939463
170295927
975309347
620798581
471896656
89895745
937591492
298167017
191992934
609284419
678747226
843867903
912546984
901554836
51924114
588151717
366066727
360146665
845990879
312990922
912291589
301333869
18648467
943796894
157463748
116536397
896698353
433042799
8090997
968791762
537378442
237441000
24750346
558853607
85128236
559987645
245790179
232492492
851747604
832702410
668929402
614726774
883527933
909569466
305631543
101898547
524826796
274464902
771632374
338752099
440113895
796229355
289836834
588595338
901179977
888971406
802587748
589240252
231960982
359487703
108436583
19397792
334439776
35842080
889016498
306391298
5459872
162589831
869510782
707186360
287101903
673320408
667622107
580336835
895533765
866679185
925791706
307829892
456341628
786897289
294761907
561819467
121874210
707237489
935900295
406333905
668932161
779964613
864235133
222549727
979964408
415199514
519810048
227718804
502031753
62202955
481913824
119470320
782033603
770344154
419340334
94018074
284042152
414525691
985082896
619053326
638171781
777167972
297058088
846316824
777203265
443023339
538388144
210013853
630654370
363090386
98230621
331577898
368185876
964505724
989147033
591444738
392608997
384153893
106761910
351606951
369430709
481930345
514003625
191497482
886221238
596924319
15469008
17338681
82304091
332310558
747762569
626900008
246053008
72451928
292068127
75655438
114809541
989548101
526528055
118661766
342056756
225084101
898025327
633756082
348709039
619662817
410953661
788493504
970034356
450447881
262575648
407743487
926369169
99950784
389582379
711940383
504411792
973753695
285983856
893182283
323824122
627868154
453150311
14592265
262754817
706845768
871302888
457196444
250623580
437343214
521848336
671246992
348921181
97956323
12385204
184022444
348597753
996972645
647946289
118031323
422790314
618625245
977764640
459784137
549956135
965775798
777702600
480490810
241592420
978104314
292012563
975753422
115901783
476179267
337802785
746421725
328819286
909305712
962095658
640167264
981217820
343910801
401040893
199472818
528601847
317590797
900279062
258445365
583893872
758949293
126408565
210121658
158814298
147605131
94218282
321625729
716615409
145716886
926510514
704387285
303080027
795088637
992344194
482242055
568471989
338924242
342722633
513569711
850765943
289622871
920222541
429700707
979949733
752784372
755408321
742299072
624714247
989649463
678385218
384172928
331597772
207555008
484055203
970865741
97344657
894306937
783137911
103177785
857770531
109744408
196703498
955190378
788681589
390246660
24757633
101055872
668476667
486369692
183223063
331187089
122047546
9525848
596079279
751110465
573591373
274811653
576795532
876443558
87041076
30023239
956230675
48999780
297669765
554127837
276976745
724031066
362846974
637713426
411159526
97442394
436589975
831719323
685007467
313727404
93853372
861507491
383656835
379362971
574392601
968686705
39524245
917449295
408152805
155969023
290778644
682926399
22453049
262634858
501071688
770006137
450673413
351847442
328972310
787258502
134294257
131155188
529580560
442869159
429167706
76438738
235416296
320063332
704891732
491788194
985446493
997130878
329321252
440659766
502966191
329720756
725029940
15234235
31912723
828964908
628508631
658334350
26146515
328777734
788752349
341528124
892052326
187690212
399941606
379521080
774158331
168437393
844097078
531583068
219729019
616415715
800541584
936878392
986744443
314904756
377298769
124923696
141723163
492947149
228595168
586294599
629047415
569798872
962752852
70772390
964877312
712925933
567575214
471726564
702983694
575005534
441464100
477559532
684928047
229423555
221892275
712916673
771819583
307014355
829951397
442740797
617591281
76614934
631847835
28847094
250078612
660683801
286121710
852156339
607949288
11531110
969393645
336324671
513536828
408629453
292341945
308221404
566351647
693258932
580601051
185121489
430455060
331863744
169985602
282461769
325862959
43955431
286985798
789516813
783914677
179374836
444610027
282303249
197583293
550071391
400122630
935465094
381983514
66291443
948960638
484114592
648685324
196648021
632548576
509997229
654844546
139937530
522790073
420475464
721714883
938760343
581984312
284392035
754289547
791157744
37703250
990183675
982401365
601727441
303105779
751874433
436592041
721087444
864184444
57458133
987408233
582616237
352653658
190219982
300627531
686281141
160766870
486548581
259179135
932785279
645127011
901629794
219817953
207321352
948837404
887144059
194507560
822535898
199889259
982682288
934620924
540684289
122423172
390194144
196743321
244528458
581949415
66667339
10388768
357146892
595005625
825149675
552896308
5103208
63366367
979042636
825859105
61622775
182566855
139618395
205236627
207019316
183782309
653927591
627922884
407810599
322174710
541954385
846428344
516668684
197117626
155689750
442667721
183364762
759618193
534434665
750715766
304769362
309712611
559342868
640977866
333213714
818588655
31899542
652807901
252373946
475067496
868260828
373118899
495118321
93793100
586120611
521498299
909043868
517574983
556067477
669612779
362712216
986701487
336714266
541533458
600471128
974340748
365557806
661159158
96680543
704670931
403226606
498910455
159083855
553098812
811754458
639489434
859254000
260904579
712676855
568321668
105216475
990495111
539208619
802396467
43578146
668851687
773337199
545766113
900351655
380422785
353094785
654222903
704199722
860769890
679496830
310634701
917379239
315920493
311906636
956342512
349274243
64399888
952299008
702373336
799690218
750690208
676971229
400854387
306519368
527098755
593034842
664190176
21911647
21085276
244350392
824911547
100141927
922827423
629464879
695211824
692862695
358683557
324581421
331531582
357417915
516059091
830975761
293960894
848816168
22886950
31928517
843528046
176148
596833976
509674519
858765606
978752950
174233299
922591212
391600605
697924290
708932676
962530486
397450791
776931413
847874124
579672703
432324692
224770197
146924850
566844734
351628973
58903359
803102316
428857443
959881397
663224507
344345967
567087420
488500910
872288542
846630370
560606171
401518346
429113962
650609164
234261568
322765964
649006039
651529711
168472176
910246758
42999489
496216380
53958553
190271055
914041330
536571353
604521911
963340508
976612625
750191697
419686336
500296621
65726519
974633055
521272205
431439155
626878461
405648287
283782197
607471219
321119699
674001024
697827682
46153225
961008784
410051070
380845828
868682888
78299519
70873619
926601117
982444461
429848373
438564844
723554369
883518831
752612556
264591595
277760516
737593473
917576949
900380252
797466847
305139758
365989424
94735224
709675418
161523828
483958767
784890962
705708406
251167832
651621977
90440116
583306146
797994614
457275590
250957644
623926676
189568609
617826615
33811764
151334644
482725743
891800872
193413687
998609348
910913241
948152663
852122918
918774444
915962011
280903741
855986235
919629091
961453847
583875127
199731558
959913785
892626555
562968687
478809919
366757724
632226310
396971011
150670779
874304595
965788253
816576338
898286662
870522977
703781392
230002543
751958544
506412066
401526892
243794940
485806686
821404010
580187590
941076017
637912267
202254207
448237657
439444979
190672860
46007780
176719977
863987872
984487717
588192898
470870288
518219853
573816871
801670830
143261291
132003510
624236552
773584896
879186975
823846604
227922149
790900593
386095981
213175424
425006961
500338933
517957069
976426153
899088854
896771620
132795697
98419402
398880002
284421787
98542273
956389008
75365577
510115557
896317810
831664001
241342258
371802172
891823230
804508042
947568784
182646638
747755761
278612910
653637151
729331502
775520179
127524564
634489491
249933775
171845108
550779649
285408813
226811480
813698160
835191933
36302959
357533610
224804547
678308654
945015456
288581292
780507989
925073022
52682571
964506111
994188815
405196714
944335337
995596376
857598384
562747979
748758812
785583730
305843199
309019454
136286772
279017783
360539745
936864434
592893036
147262066
272687634
57602587
223862752
697506557
911722060
924154995
535014085
506448449
160124488
225163115
279154063
988562247
28264205
688677160
638087033
460132498
813266506
930715086
687113416
630295385
961249684
676556278
666631026
376077197
201349441
2119451
784572457
559592767
310901101
851820549
477727083
429770097
90903608
975557666
81415672
909621758
768492777
287280885
732108680
385128866
661059112
965812791
531370818
552743896
984169758
657810319
249169797
134068404
541518522
626202472
170643129
254104794
418741100
157893523
638888376
964161441
674036274
377937307
955276328
353303328
506345727
13201584
686753518
505136339
671560097
63983246
709330647
576815181
174167686
770723708
331615908
44107680
897862068
427912895
206702581
427454834
49646916
929337324
353831259
892713606
574524563
876645227
798813864
949162393
247390836
865019116
508523796
456359929
135132693
123183624
966900637
336650394
222217927
329636877
736084263
550237888
236782301
259064896
801619517
714337706
691664732
744269433
416047080
465173891
166555715
309620989
558424653
995442033
171457229
342263466
689815524
353710293
208631685
399857047
234138199
275643912
327220128
854364380
607161231
719504347
389806898
841504055
794999132
435933656
234416088
371674943
981454117
282044969
829014343
828271134
280468793
490910761
300236131
219972939
142155056
815158022
456727353
486152648
277633743
852567406
893310354
927573590
148613949
701777726
510374667
617508758
236406824
112246832
409458321
715649365
144531013
963988240
187354585
720070024
164988468
883672285
653646375
736601549
298164323
557771136
502580890
529860393
546602563
946994719
299498580
540816397
645582258
416309633
952514745
479776254
684553913
34797318
422096124
47548382
450423203
74355329
338185301
160578461
468202529
526412653
753058896
383074208
931572535
3937236
343365733
306878786
178431062
667218935
750548347
692622389
549054828
558300865
983943276
53150115
683956848
730450121
915096085
745169343
785760822
402058868
855493649
452918721
409793655
262411075
442976238
642233827
386204993
379462964
975518378
626154940
960416133
887565284
763918518
591584136
345694195
261245231
54824118
60961814
448321493
826093578
275819427
581062876
442324583
423197189
262325507
523213327
859340341
698066039
452074668
693191874
649558761
291833226
438784494
134874742
196695071
548626408
341396003
119280676
926119398
332709705
402014959
358676176
916441157
685325284
619051615
455365427
558960377
974578962
548348622
320703882
164605388
879234234
382078081
646098730
80815190
878257077
740088607
921749102
460274995
893044986
845663214
447574985
266184103
97375807
395160815
549504019
859486455
548171079
200339812
595726576
992128446
728926142
158411225
755872130
744099229
129967816
56655892
404142594
232175118
651851323
114053619
454351303
230691584
779941415
853575764
848167410
94210621
481465936
472752935
4700805
448156859
966190587
621757545
359834435
725619714
919519997
652631515
982071768
109765935
49895003
164157579
306795744
343666713
836610531
885685321
398695372
562622418
125759752
315944805
735132614
418611823
531005731
671569279
623240202
778421993
432234672
287272036
420307182
962819489
787240309
898285342
364343685
148496957
746062461
352739416
504071981
282259234
714748537
640818842
234607712
892903793
210026525
62319153
304478035
711587225
82223493
51335580
539578997
145183444
276266665
489048503
778498416
390365207
695282426
402547696
199292694
197938809
817223604
480025171
110915245
926072853
136046349
768803685
88238429
618806456
41015983
290375232
922708994
372868444
800391290
619156833
40732098
952169141
238889320
567173419
472546576
638743537
216397076
453275601
239704508
627595614
892111147
358858462
583111982
509079106
296901469
437817634
316484790
762362603
331551199
832279477
896524979
261012200
856674836
762049422
302396233
789568048
366616448
369939556
741196465
783799908
47377601
507582143
467804157
721659690
151826845
725640731
758987101
359677622
362786640
588126944
453997419
345205205
598209902
601062325
559825
204448070
691010594
543555797
915227022
479895473
803697058
216146987
906668462
48983726
81179676
764286356
229849152
763006468
211995310
969078334
626503083
746134666
35640287
903581962
339555003
555823363
706379655
136126683
223554455
86410772
759573082
873406937
510490420
644158401
59942363
205550835
533146414
896069943
67214830
739556500
35149197
836432631
248335911
251464396
797819056
353041836
852282009
282110335
317777786
650137851
41983978
103847608
591862050
100974696
959364277
281092875
780771457
154576184
794982742
603706248
107814265
723637409
879761944
639642794
543040831
455607633
298315433
227653421
109752258
443922640
659195975
362833745
55406654
981866947
582256340
569886165
589265692
974800128
862601645
74313894
318992463
158560463
150286306
642562026
323885051
773325121
893821364
58528832
297780981
788889741
180767970
667900764
712407431
597390345
818055107
474673059
908455346
438162266
879049968
982887838
535668180
323761147
529019528
951477762
508302509
742516106
8315278
792858488
522862835
848574279
532324373
707474883
671760586
205299956
588606860
162579905
889883127
155402647
680956256
101316924
971430814
400384983
554311588
83069100
36828030
857790511
249694986
529216313
412639977
440996017
240076999
723353977
546344911
699844303
387421287
21876954
224725159
339431136
131564633
924713423
402238708
390645630
38329073
380728521
989275348
244403407
465084707
374302829
985300491
359075888
486831617
579081443
736624895
626296960
307579394
431900273
76200165
311630424
692413660
940502223
936793617
41997506
183441103
286642580
302539619
201545192
674112940
687589837
799037772
32635242
796910397
402545586
383120571
768688093
46934317
221293118
199103125
986402553
967971094
893240948
7520276
216563398
851391203
355072081
382967605
657685689
483315340
958771217
31592233
468323249
613903470
969757126
690664866
208231233
211023366
325009234
740838988
903204542
510007743
938883519
750437748
771376951
464557144
645118525
821152441
739264969
60791185
610516759
911519256
331975924
985898923
329269295
232802695
590968016
14854223
35022723
670029563
677699947
677733468
970673182
998819396
623915301
633690048
112682478
527794686
628853770
413802686
220746762
372238265
617671231
211442679
531285741
723666620
833802554
109361026
682173757
967138000
913360453
145105060
279344604
618782373
602295612
222210855
281957894
423962774
843887141
313059960
980443141
573121408
250329755
145571937
937007570
8586182
13130037
11652080
15553218
914346966
434707702
793992050
344667041
99441623
968346275
372286267
673771036
568918365
757721837
784108163
986531193
50631404
46110917
287296478
533779528
894070398
153014913
346734536
300465638
584504192
355455365
650817232
701141870
577255547
389055254
443319159
949438194
11951180
709161086
409835921
447704087
950441014
314705147
129094609
77564787
806849718
985975977
116327410
999921361
153153990
646201066
608152843
337574489
627637535
304276452
507913877
963609628
970666402
147141127
626870337
621900595
669828339
929476679
378020642
164165894
544661022
492338495
341663428
388043919
246226806
271772042
218257541
782052794
287771849
627382633
29842542
584315491
764224134
351145848
492766055
743435252
743453770
369830518
59822736
186375866
452773847
156789095
93130265
244514724
228754541
395767692
608492227
802591093
748989555
237156565
818330109
867505636
350713301
858127828
363330682
766173738
797671720
187202534
313206990
504145555
163462658
199341447
601400088
345574129
748514479
709319613
119447456
726132139
352324116
625092965
737853693
387581108
615408894
128755267
21121821
571428114
8067095
88731528
245387324
91084123
983487211
723936873
777322637
769400217
834240629
579127797
77569795
227422576
139880003
826710649
496094238
712845219
324102416
836714008
373812452
583892777
399830690
538038465
180975323
303514961
942860992
312701124
241884484
795871756
315426718
619742761
122491429
939133584
47245595
32701509
357779699
340125830
991174451
558147300
500360855
265146106
372943572
505901168
438773757
127929803
958103603
711873730
979750727
137967449
740373834
772723866
234341934
20911257
327721289
738619908
525707924
812588886
312603393
379124316
801048907
969774288
922783101
218251692
943707258
156912232
999578476
285755328
564811145
179277307
177980469
353529968
120833617
86746937
366087940
712193079
52409355
12146473
770608718
900009441
592755771
325701646
644362467
231588877
696011745
344317495
237678537
199760179
623142711
47863711
181017447
166663214
913876989
793977269
754773808
980131228
429341525
653945131
498019400
5822256
744240780
97333563
109250673
232688931
637368634
996881560
435093829
634944429
333206872
524223334
945474349
712858569
46156992
609254206
784460121
334851840
108496033
925423847
718048970
123936000
421080998
878070902
191945796
994640590
387465823
130533651
479120827
504523641
632533270
568500262
858874958
737753724
620963834
63564103
570340666
406916003
361633800
109225864
679027628
859940920
729243292
476727921
882101197
174683005
698376159
359279579
196844037
526240325
466597468
728218674
867179788
859518558
129170813
241689407
564505883
799755705
333125880
67611781
427322109
141243837
373434620
252787156
413433332
774817553
96058064
991649570
814912714
235096978
318061990
292774294
186610477
148825250
673252272
92285768
709756011
893715469
547800043
993973548
365968850
797245812
125731407
50046854
542382594
661722926
262810943
198512535
866717709
2571122
811856508
657837883
937899673
783954138
642309740
244954811
908316012
136405873
322420513
278860498
94583453
414197765
520535627
370156970
374775964
646830563
688802507
177815428
302506757
248286944
453919831
315667159
100431790
579415500
357514047
34868103
460997914
575164504
939549680
331158842
858520303
517347938
42731508
460155522
85780035
399132088
34374088
429789938
924606243
285334589
998922615
55935928
551494521
290745369
423107851
171120495
290488314
219288886
449962881
743383211
150749461
933383651
644594201
408337041
492060215
967900988
915062068
825170225
265954689
373199839
697677990
71340910
425569554
130182268
102446292
496785889
443680253
468506521
868188491
219752264
924968093
661426558
537593394
370461684
749387931
741875914
435623499
935790406
117061702
311570148
843300204
287482781
993787835
371793199
750028206
974752780
71945401
876213900
126482487
939225837
375430735
28563849
863054534
16139163
632806803
199527799
60213976
602933863
160583890
825903344
326106010
703116268
97466330
945896840
138147888
524458626
744342196
404922479
393700899
82546575
923904529
545299215
673389884
982570919
755325668
760323768
816834933
184747212
460417984
101348861
92677284
869702722
12737171
57742615
592363105
978680353
544594362
45326252
566065199
927709705
740215185
897081465
232332504
407658186
386967232
318831378
620486939
753749380
406911534
895702521
810023438
777321763
768615793
686611866
6555575
67594243
788733637
933382662
452402375
231969794
245803922
508662093
331768850
662503356
688652434
97093885
880268529
68599994
970962785
815016785
50264425
684453950
626389757
999119131
565106348
214680977
885893611
531165427
299385920
715027706
650413341
83605056
672952085
292832298
563993062
508783392
322825839
724624469
266150202
951304519
539718940
807108182
860041973
706245083
88228501
373946131
368932743
166822143
261138666
653355096
537898644
685773507
227934765
398358350
596759306
958335525
166403593
597162408
349459443
538381837
563090427
526575478
894083076
368937808
530069028
507333669
786168471
857959479
338841344
562187706
808696393
767536622
349158171
217783380
260624734
911258825
34445334
214153360
419960046
729951079
739292340
638270348
833127659
275051814
291361211
168994805
39985768
988264059
502128840
704560551
106261812
337877650
934378433
912389963
471376661
61151953
865610649
146259692
941212914
950365229
911860021
876755481
449265916
724795880
682452834
379533086
877150640
425246689
595237507
812881475
975006924
846827306
642994996
547968207
44875812
837584541
248978964
955116336
183389810
465034006
854816046
70768283
406156288
34030565
201615881
451083968
308295972
580700655
388382351
723462002
544896801
125963016
1047657
463200616
748546471
267867576
887474772
51009725
958946978
7754544
393203636
217654639
926638148
619766944
639839046
311149986
234147339
821912548
881479110
554566569
460296787
296782019
428634396
516952790
675607815
397757206
130507556
410516617
862028417
702123349
29247317
985146704
437285168
119600609
80128115
150038480
43549011
141305932
291717477
539552741
117804366
543943031
696853003
596667768
203441500
994208254
92285162
270894677
212133612
950226175
616367833
547837342
310459547
122084508
55271492
641043704
113912379
650804589
880985254
915850324
765729367
409345390
705223641
998475576
334074747
584952529
318110840
669696781
860790728
712481483
427395723
612107268
997931787
737943942
728966736
497826731
322926549
198196667
184782497
408276791
8898070
273495639
32044416
748653407
989450621
953025551
131094951
175731955
577484977
999642769
503741416
325589768
547243325
751855227
482826325
351813096
72888673
473301703
628868790
747866679
322043190
820725765
245466529
319083142
81411331
940481022
145927748
825412419
258654373
507460427
892452256
587603953
461105811
794958144
367230774
115506372
797847853
445316069
789828442
454412786
347006564
427796692
20136469
681749710
169141407
342395194
84230565
590191811
76850271
819164626
692713205
798183841
847505279
721222518
404787132
898532645
928228446
741310825
44352834
250505729
75984995
133357176
164487137
913990706
69926042
389889693
606498346
759362561
939110541
607821815
778049975
352898888
554733603
45644173
626788066
639003966
437467232
426286835
700014464
33405814
117926631
285911393
777078081
738949136
426998693
16459362
699773194
79831945
528369919
769924594
946925765
229304003
726213559
40434320
462884055
673871247
863410014
224597167
191930813
509893450
94486990
949219047
33800268
556579595
553260153
192580005
670944300
260705108
465467142
814284693
894421
941452589
515614193
881510412
167304999
469807727
380190981
359511886
188367775
247401175
969747289
717628233
691670875
359547190
360834635
912966103
54945626
881815624
757159840
233833488
426959624
598911084
42930441
613360528
228925022
962656912
412677585
61029248
879484570
379435113
978947311
71178607
76914275
788023611
302977340
878948154
736349876
569205921
638454015
712075121
123345295
935355268
428025781
289414677
7367202
53754739
437023895
801854645
103274984
194636924
466524860
363994164
647945566
899874444
800943473
687190281
780656449
525036785
932014269
935636361
687632578
536651720
690249133
379351042
713946269
629415084
36255818
852700365
527968383
686513023
537199844
177407429
385025792
376869594
779264708
851876878
990228591
831453698
222341331
212491389
45623851
716515731
188928332
146478568
20144671
815882507
812232896
922145768
494283699
940898775
925880042
233327931
762456355
862713399
233960728
315429470
879615074
569481900
661458546
201611091
596017260
245994649
15197166
225104124
480060068
144812494
975083892
607605165
304267206
226288787
797494863
314251069
486508617
557668764
665035694
742137784
156500605
840186700
116219011
527946522
811741481
285209217
559565722
126530229
460313815
454752651
834198531
907646360
845126961
515320733
438913818
898048764
290895872
502505311
168271937
801694341
476550250
482124929
264224588
866490498
707526442
73510568
154189093
153119959
213909843
405903397
637456544
942542021
774161741
665736805
291299531
231670693
581502120
831117315
6834162
370360403
516537285
335620897
959565622
74390536
937096123
382241022
503341785
915596199
228401137
708610878
841147058
251476344
232298161
623705288
842738199
209057224
767288010
889038446
927807900
542739382
113286397
864440398
562607642
653689798
491561733
116190575
79217600
144428413
194086708
543883672
243120649
533312257
305074976
652662303
140279870
145700563
504225278
391206245
921264515
338710229
476800915
4858674
696040582
973327263
95291810
381543229
18626950
722066555
580174993
80407461
124502863
202028760
961062017
73588807
91703842
863091469
973483866
815094612
911337957
955681492
310745496
194849994
882080669
449529508
508798058
790733649
135890563
407878266
550192717
885632454
994291531
781997890
205839406
967363425
372220005
346813595
695196903
928413966
487129095
808636460
464034280
874664974
647465028
775048686
71287173
695065994
590998212
374865568
425455879
122020980
713575001
460922878
180355950
22594862
771163868
151917813
825686336
842151726
791944211
936655056
539830330
917775763
57396702
522541578
853948100
467369917
677367833
753940137
816379219
277424236
649167225
800064965
667427364
986202218
732669756
688597455
644096060
511808231
351804844
366090350
873622997
855390856
104873148
744233208
584601316
500526443
498931645
186112239
580358863
336541671
55305840
240290207
875936101
436963008
331591945
533322927
276159437
302668605
678095639
737413910
371828462
674105744
505021206
987490198
957230163
66875896
39660440
394370648
745025547
525663328
502663637
166182468
189734670
600459910
165120528
986378870
242101764
890943586
120234255
138426731
868873895
545716636
381354407
919337324
150691133
883445807
487955431
183924399
87122174
854048559
426817062
17404955
117532952
930047000
380309833
350780075
415874519
709220526
473753196
390264540
604585751
939683754
828039845
166244506
319090541
369687022
267733166
291658031
55505733
918531100
630210091
508775163
748690719
284839801
694649590
9636628
312055456
263095040
20136431
582260270
456149127
271386713
310296000
494754796
629343036
16179584
343874399
81929444
922231840
166445280
491184720
273930191
425688501
980671237
141956904
970767999
114889406
616580047
57167925
108845463
389516799
939712586
806812550
533078879
172926458
960702647
480701614
285157960
278696945
18798070
161107332
304732718
141048482
221000660
603282877
372966965
47907026
816046827
447027250
118266626
297791267
127379813
630721532
387914822
373308142
54760165
498121163
871805754
132029748
814155978
364029915
38577594
20728974
948431864
513129335
838316993
873147353
248382096
940043645
133682054
735215784
77588846
54415890
294618878
208301861
922604212
162629544
390165325
849505898
178346248
742568249
70241873
776997024
81969544
992863472
46841675
644266153
908556889
191043348
913358847
329835934
269843620
482260125
148845129
428701095
831536300
192978237
988699436
150736544
485562804
15647570
103823547
7940701
599155387
642930207
241780361
688439205
10754658
846741162
598862097
541188361
459503123
224220900
12292038
693099403
387835894
694597092
544219682
217660683
157991868
303026134
639907616
928154442
130948081
968586843
73398834
322044654
795824515
1434321
987661345
670228331
598789655
191753397
971917918
693550404
55593432
26621918
587149272
626441030
417482349
964819954
104735044
656871113
259753389
473226918
829509692
75120343
937877925
116630945
300774096
821380419
15888206
598443041
788890434
182470084
917152254
690195084
418600239
375783544
626695989
910827068
562367390
414566323
712062456
441301455
871465061
674560615
609663167
59359798
839240162
46867827
363800124
465823244
202451318
83857642
739426779
131125628
765401318
521296406
543924276
95775384
954940787
316169903
497661310
819400216
542522678
809799548
806221625
966081099
277093519
332958963
548389139
779015614
606893826
950669142
947109238
133356731
264257235
610554246
219727819
601019470
811608865
329535470
198030359
234951540
216330963
885258878
704745093
175129209
664880997
250689432
594829360
762033765
176330852
721432085
240422275
897920395
236796160
935702676
18902461
749781928
673641112
225535671
796474485
312097
810500610
776585308
828998550
704328979
125818900
774668202
90041166
214278997
637240654
50408322
987740294
101326633
698235033
801771753
370314695
567840835
471346104
831714138
457647019
349348081
907621274
18162161
36285580
658344002
96992159
743451960
261413374
230882372
169311316
294479590
455199455
472901623
202380041
943455462
287360873
566972102
641534723
321316005
175375776
209172255
394984818
299540193
641157571
969216601
536001320
476657560
131085639
113926316
748245810
592091551
217343476
932404721
348463386
119193821
763273179
722062973
733248373
488111942
371900445
169465767
127026093
984071989
940423592
450935637
865574947
751300281
339701277
15009628
230384075
809036326
411050607
225437887
405430156
694269908
984015271
15991706
539573750
171304696
64320670
583643038
109104041
305034659
124963586
63063289
908141114
305576241
419501037
599341024
618324231
163854689
33516628
160747119
904294174
519544575
423334352
913056165
709764102
933336318
939484919
718879544
957204796
461631415
591962080
640619567
833638445
327917556
110598778
44820317
821916164
436588934
406215880
4962503
331306967
609383545
66306415
570673883
557848069
671318956
957397817
11433167
201448802
71339340
411491656
727842318
221590548
954870808
799826341
955003312
29570382
268848746
238704196
91383395
715097012
273310246
353225233
641657452
568083878
524740997
591738169
91651144
174638249
882036133
913104711
809971859
829728240
257322433
870052078
979948656
246731368
130357040
54838075
646249425
881203570
834670021
289799166
283048946
324931947
464399864
613589768
579914606
447448372
674435747
910468228
724508900
899704122
121567463
768802549
449394871
872187937
393882858
891989209
385463115
107934770
887161232
595036626
456209158
866243731
58413450
237531983
462739003
724888771
33097146
859415193
999406787
876651506
180070079
306115113
378699352
696239352
324691848
11735634
833212543
654669975
615811915
257862393
862006137
848244103
223733132
775737557
774782182
536182594
261184186
134210764
19378168
730561432
121137557
455001205
854385423
407265819
692713811
803149020
599276210
838190250
984831335
75391434
664002569
360492781
392131807
114955591
151836792
980564521
255194533
884154267
266490034
556679510
493357863
697259597
924950599
192328440
542452645
643635370
992180625
24924554
751863333
385700769
681359125
849141144
713201406
814033889
677667272
577021048
427008110
572236028
344670431
122753039
262639523
226820099
618914638
990503172
936538707
420069569
888524810
873166378
569933172
332243013
194144017
176072649
294025317
528355345
625724417
896870347
760974930
939447221
970117653
-1